00000000000000000000000000000000
00000000000000000000000000000000
00000000000000000000000000000000
00000000000000001100000000000000
00000000000000000100000000000000
00000000000000001000000000000000
00000000000000000000000000000000
00000000000000000000000000000000
00000000000000000000001000000000
00000000000001000000001100000000
00000000000000000100000110000000
00000000000000000000000010000000
00000000000011000000000000000000
00000000000101000000000010000000
00000000001000000000000000000000
00000000010000000000000001000000
00000011000100000000000001000000
00000100000000000000000000000000
00011000000000000000000000000000
01100000000000000000000000000000
01001000000000000111000000000000
10000000000000001111100000000000
00000000000000001111100000000000
00000000000000000000000000000000
