00000000000001100000000000000000
00000110000011110000000000000000
00000110000001110000000000000000
00000010000000000000000000000000
00000000000000000000000000000000
00000010000000000000000000000000
00000000000000000000000000000000
00000011000000000000000000000000
00000001000000000001010000000000
00000001000000000000111000000000
00000001000000000000111000000000
00000001000000100000011000000000
00000001000001010001000000000000
00000000100000000010000000000000
00000001000000000000000000000000
00000000000000000000000000000000
00000000000000000000001100000000
00000000000000000000000000000000
00000000001000000000000000000000
00000000000000000000000000000000
00000000000000000000000000000000
00000000000000000000000000000000
00000000000000000000000000000000
00000000000000000000000000000000
