00000000000000000000000000000000
00001011100010000000000000000000
00010110001111000000000000000000
00000000000001000000111000000000
00000010100001000001111100000000
00100000010001000011111000000000
01000000000000000001111000000000
00000000001000000000000000000000
10100000000000000000000000000000
00011000000000000000000000000000
00000001000001000000000000010000
00000000010000100000000000000000
00000000001000000000000000000000
00000000000000000000000000000000
00000000000000000000000000000000
00000000000010000100000000000000
00000000000000001100000000000000
00000000000010011100000000000000
00000000000100010000000000000000
00000000000000000000000000000000
00000000000000000000000000000000
00000000000000000000000000000000
00000000000000000000000000000000
00000000000000000000000000000000
