00000000000000100000000000000000
00000000000001110000000000000000
00000000000001110000000000000000
00000000000000111000000000000000
00001100000000000000000000000000
00001000000000010000000000000000
00000000000000000000000000000000
00000000000000000100000000000000
00000000000000000110000011000000
00000000000000011100000000000000
00011100000010110100000000000000
00011100000000010111111000000000
00001010000000001101111110000000
00000000000000000111111110000000
00000000000000000111111100000000
00000000000000000010111100000000
00000000000000000001010000000000
00000000000000000101000000000000
00000000000000000100000000000000
00000000001000001000000000000000
00000000001100001010000000000000
00000000001100111011100000000000
00000000001100100101100000000000
00000000000000000000000000000000
