00000000000000010000000000000000
00000000000000110000000000000000
00000000000000110000000000000000
00000000000000111000000000000000
00000000000000000000000000000000
00000000000000000000000000000000
00000000000000000000000000000000
00000000000000000000000000000000
00000000000000000100000000000000
00000000000000001000000000000000
00000000000000000011000000000000
00000000000000000001000000000000
00000010000000000011001000000000
00000000000001000001111100000000
00000000000001001110000001000000
00000000000000001001101100000000
00000000000001001001001100100000
00000000000000010110101001000000
00000000000000010101000001000000
00000000000000010000010000000000
00000000000000010000000111000000
00000000000000010101001011100000
00000000000000010100000000000000
00000000000000000000000000000000
