00000000110000110000000000000000
00000000001101110000000000000000
00000000000001111000000000000000
00000000000000001000000000000000
00000000000111100000010000000000
00000000000000000000001000000000
00000000000000000001100100000000
00000000000010000011110000000000
00000000000100000001111010000000
00000000000100000000111000000000
00000011100000000000000000000000
00000001111000000000000000000000
00000000111110000000000000000000
00000000001111100000001100000000
00000000011001111000001100000000
00000000100000011110010110000000
00000000000000000001100100000000
00000000000000000000100100000000
00000000000000010000010010000000
00000000000000000000010000000000
00000000000000000111000011000000
00000000000000000111000000100000
00000000000000000000000000000000
00000000000000000000000000000000
