00000000000001100000000000000000
00000000000001000000000000000000
00000000000000000001000000000000
00000000000000000000010000000000
00000000000010000001111000000000
00000000000000000001111100000000
00000000000100000011111100000000
00000000000100000011111100000000
00000000001100000000111000000000
00000000000100000000000000000000
00000000000000000000000000000000
00000000000000000000000000000000
00000000010000000000000001000000
00000000011000000000000111000000
00000000110000000000000111000000
00000000110000000000000011000000
00000001000000000000000011000000
00000001100000000000001000100000
00000001000000000000000111100000
00000000000001000000001111100000
00000000000000001111110000000000
00000000000111111010100000110000
00000000101000110111000000010000
00000000000000000000000000000000
