00000000000000000011100000001010
00000000000000000111110000001010
00000000000000000001000000000000
10000000000000000000000000000000
01000000000000000000000000000000
01100000000000000000000000000000
00100000000000000000101000001000
00010000000000000000110000001100
00010000000000000000000000000000
00001000000000000000000000000000
00000100000000000000000000000000
00000100000000001111111110000000
00000010000010000000011000000000
00000001000100000001000010000000
00000001000000001000000000000000
00000000101100000000000000000000
00000000010100000111000011100000
00000000010000000111000111100000
00000000001000000011100111100000
00000000000000000011111111100000
00000000011000000011111111000000
00000000000000000000000000000000
00000000010000000100000000000000
00000000000000000000000000000000
