00000000000000011100000000000000
00000011000001111110000000000000
00000010000000111100000000000000
00000100000000000000000000000000
00000000000000001000000000000000
00000000000000000000000000000000
00000000000000000000000000000000
00000000000000000000000000000000
00000000000000000000000000000000
00000000000000000000100000000000
00000000000001010000111100000000
00001110000001000100000010000000
00001000000000000000001100100000
00100000000000000000001111000000
11000000000000000000001111000000
00000000000000000000011111100000
00000000000000000000011111000000
00000000000000000000111110100000
00000000000000000000110101000000
00000000000000000000110111000000
00000000000000011110000110000000
00000000000000010110000000000000
00000000000000011110000000000000
00000000000000000000000000000000
