00000000000000001100000000000000
00000000000000111110000000000000
00000000000000111110000000000000
00000000000000111100000000000000
00000000000000111100000000000000
00000000000001101000000000000000
00000000000010100000100000000000
00000000001010000000111000000000
00000000010010000000111000000000
00000000000000000000110000000000
00010000000110000000110110000000
00000000000100000001101111000000
00000000000000101001111111000000
00100000000000111011001011110000
00000000000000111001000011110000
00000000000000011000000001110000
00000000000000011110000001100000
00000000000000000101000000100000
00100000000000000100100000110000
00000000000100000110100000100000
00000000000000000100010000110000
00000000000000001000010001110000
00000000001000001000000011000000
00000000000000000000000000000000

