00000000000000000000000000000000
10000000000000000011000000000000
01000000000000000010000000000000
00100000000000000000000000000000
00010000000000000000000000000000
00001000000000000000000000000000
00000100000000010000000000000000
00000000000000010000001000000000
00000000000000000000011110000000
00000000100000101001111100000000
00000000011000111111111000000000
00000000001100100111100000000000
00000000000010000110100000000000
00000000000000000101000000000000
00000000000001000001100000000000
00000000000000110011000000000000
00000000000000010000000001000000
00000000000000000100000000000000
00000000000000100100000000000000
00000000000000000010110000000000
00000000000000000101000000000000
00000000000000000110110000000000
00000000000000000000011000000000
00000000000000000000000000000000
