00000000000000000000000000000000
00000000000011100000000000000000
00000000000111110000000000000000
00000000000011000000000000000000
00000000000000000000000000000000
00000000000000100000000000000000
00000000000000011000000000000000
00000000000000000000000000000000
00000000000000000000100000000000
00000000000000000000111000000000
00000000001000000000111100000000
00000000001100000000001100000000
00000000001000000000000110000000
00000000000000000000000110000000
00000000011000000000000110000000
00000000011000000000000110000000
00000000100000000000010010100000
00000000100000000000001001000000
00000000000000000001110100000000
00000000000000001111110100000000
00000000000001111110000011100000
00000000001111110000001000010000
00000001111111000001100000010000
00000000000000000000000000010000
