00000000000000000000000000000000
00000000000000000000000000000000
00011000000001100000000000000000
00000100000001010000000000000000
00010010000000000000000000000000
00000000000000000000000000000000
00000000000000000100000000000000
00000000000000001100000000000000
00000000000010011100000000000000
00000000000011111000000000000000
00000000000011110001100000000000
00000000000001001000000000000000
00000000000000100001000000000000
00000000000001000000000000000000
00000000000000000010000001000000
00000000000011010100000010100000
00000000000000101000001001000000
00000000000000000001100100000000
00000000000000000101100001100000
00000000000010000100000000000000
00000000000000011000010000100000
00000000000001000000001101000000
00000000000000000100000000000000
00000000000000000000000000000000
