00000000000000110000000000001010
00000000000001110000000000001010
00000000000000100000000000000000
10000000000000000010000000000000
11000000000000000000000000000000
01100000000000000000000000000000
00110000000000000000000000000000
00011000010000000010011000000000
00001100110000001001111000000000
00000111110000000011111100000000
00000001110000000110001100000000
00000001100000000110010100000000
00000000110000001110001110000000
00000000011000011110001110000000
00000000011100111111000001000000
00000000001110111110000010000000
00000000000011101110011110000000
00000000000001101100011110000000
00000000000000111000111000000000
00000000000000010110100000000000
00000000000110000111000000000000
00000000000110000110000000000000
00000000000100000001000000000000
00000000000000000000000000000000
