00000000000000000000000000000000
00011000000001110000000000000000
00001000000001110000000000000000
00000000000001110000000000000000
00001000000001110000000000000000
00000000000000000000000000000000
00000000000000000000000000000000
00000000000100000000000000000000
00000000000000000000000000000000
00000000000000000100000000000000
00000100001000000100100000000000
00000000000000011110101000000000
00000000000000011111110000000000
00000000000000001111100000000000
00000000000001001001110000000000
00000000000000000001000000000000
00000000000000000000000000000000
00000000000000000000000000000000
00000000000001000000000000000000
00000001000010000000000000000000
00000001101000000000000000000000
00000000000000000000000000000000
00000000000000000000000000000000
00000000000000000000000000000000
