000000001000000000111000000000000000000000000000000000000000000000000000000000001110000000000000000000000000000
000011111111100000111000000000000000000000000000000000000000000000000000000000001110000000000000000000000000000
000111111111110000111000000000000000000000000000000000000000000000000000000000001110000000000000000000000000000
001111000001111000111000000000000000000000000000000000000000000000000000000000001110000000000000000000000000000
011110000000111000111000000000000000000000000000000000000000000000000000000000000000000000000000000000000000000
011100000000011100111011111000000000111100000000000000000001000000000001110000001110000001111100000000000000000
111100000000011000111111111100000011111111000011111111100111111000011111111100001110000011111111000011111111100
111000000000000000111111111110000111111111100011111111111111111000011111111110001110000111111111100011111111110
111000000000000000111100001110001110000011100011110001111000111100011100001111001110001110000011100011110001111
110000000000000000111000001110001110000011100011100001111000011100011100000111001110001110000001110011100000111
110000000000000000111000001110000000000011100011100001110000011100011000000111001110011100000001110011100000111
110000000000000000111000001110000011111111100011100001110000011100011000000111001110011100000001110011100000111
110000000000010000111000001110000111111111100011100001110000011100011000000111001110011100000001110011100000111
111000000000011100111000001110001111100011100011100001110000011100011000000111001110011100000001110011100000111
011000000000011100111000001110001110000011100011100001110000011100011000000111001110001110000001110011100000111
011010000000111000111000001110001110000011100011100001110000011100011100000111001110001110000011110011100000111
001111100011111000111000001110001110000111100011100001110000011100011110011110001110001111000111100011100000111
000111111111110000111000001110001111111111110011100001110000011100011111111100001110000111111111000011100000111
000011111111100000111000001110000111111101110011100001110000011100011011111000001110000011111110000011100000111
000000000000000000000000000000000000000000000000000000000000000000011000000000000000000000000000000000000000000
000000000000000000000000000000000000000000000000000000000000000000011000000000000000000000000000000000000000000
000000000000000000000000000000000000000000000000000000000000000000011000000000000000000000000000000000000000000
000000000000000000000000000000000000000000000000000000000000000000011000000000000000000000000000000000000000000
000000000000000000000000000000000000000000000000000000000000000000011000000000000000000000000000000000000000000
