111111110111111111000111111111111111111111111111111111111111111111111111111111110001111111111111111111111111111
111100000000011111000111111111111111111111111111111111111111111111111111111111110001111111111111111111111111111
111000000000001111000111111111111111111111111111111111111111111111111111111111110001111111111111111111111111111
110000111110000111000111111111111111111111111111111111111111111111111111111111110001111111111111111111111111111
100001111111000111000111111111111111111111111111111111111111111111111111111111111111111111111111111111111111111
100011111111100011000100000111111111000011111111111111111110111111111110001111110001111110000011111111111111111
000011111111100111000000000011111100000000111100000000011000000111100000000011110001111100000000111100000000011
000111111111111111000000000001111000000000011100000000000000000111100000000001110001111000000000011100000000001
000111111111111111000011110001110001111100011100001110000111000011100011110000110001110001111100011100001110000
001111111111111111000111110001110001111100011100011110000111100011100011111000110001110001111110001100011111000
001111111111111111000111110001111111111100011100011110001111100011100111111000110001100011111110001100011111000
001111111111111111000111110001111100000000011100011110001111100011100111111000110001100011111110001100011111000
001111111111101111000111110001111000000000011100011110001111100011100111111000110001100011111110001100011111000
000111111111100011000111110001110000011100011100011110001111100011100111111000110001100011111110001100011111000
100111111111100011000111110001110001111100011100011110001111100011100111111000110001110001111110001100011111000
100101111111000111000111110001110001111100011100011110001111100011100011111000110001110001111100001100011111000
110000011100000111000111110001110001111000011100011110001111100011100001100001110001110000111000011100011111000
111000000000001111000111110001110000000000001100011110001111100011100000000011110001111000000000111100011111000
111100000000011111000111110001111000000010001100011110001111100011100100000111110001111100000001111100011111000
111111111111111111111111111111111111111111111111111111111111111111100111111111111111111111111111111111111111111
111111111111111111111111111111111111111111111111111111111111111111100111111111111111111111111111111111111111111
111111111111111111111111111111111111111111111111111111111111111111100111111111111111111111111111111111111111111
111111111111111111111111111111111111111111111111111111111111111111100111111111111111111111111111111111111111111
111111111111111111111111111111111111111111111111111111111111111111100111111111111111111111111111111111111111111
