0011111111100111111111111111110001110001111111111111111111111111111111111111111100011000111111111111111111111111
0011111111100111111111111111110001110001111111111111111111111111111111111111111100011000111111111111111111111111
0011111111100111111111111111110001110001111111111111111111111111111111111111111100011000111111111111111111111111
0011111111100111111111111111110001110001111111111111111111111111111111111111111100011111111111111111111111111111
0011111111100111111111111111110001110001111111111111111001111111111111111111111100011111111111110011111111111111
0011111111100111111000000011110001110000000001111111000000011110001000011100000000011000111110000000111100010000
0011111111100111110000000001110001110000000000111110000000001110000000011000000000011000111100000000011100000000
0000000000000111100011110000110001110000111000011100001110000110000000110000111000011000111000011100001100000001
0000000000000111100011111000110001110001111100011100011111000110000111110001111000011000111000111110001100001111
0000000000000111111111111000110001110001111110001000111111100010001111100011111100011000111001111111000100011111
0011111111100111111100000000110001110011111110001000000000000010001111100011111110011000110000000000000100011111
0011111111100111110000000000110001110011111110001000000000000010001111100011111110011000110000000000000100011111
0011111111100111100000011000110001110011111110001000111111111110001111100011111110011000110001111111111100011111
0011111111100111000011111000110001110001111110001000111111111110001111100011111100011000110000111111111100011111
0011111111100111000111111000110001110001111100011100011111100010001111110001111100011000111000111111000100011111
0011111111100111000011110000110001110000111100011100001111000110001111110001111000011000111000011110001100011111
0011111111100111100000000000110001110000000000111110000000001110001111111000000000011000111100000000001100011111
0011111111100111110000000000110001110000000001111111000000011110001111111100000000011000111110000000111100011111
1111111111111111111100111111111111111111100111111111111001111110001111111111001111111111111111110011111100011111
1111111111111111111111111111111111111111111111111111111111111111111111111111111111111111111111111111111111111111
1111111111111111111111111111111111111111111111111111111111111111111111111111111111111111111111111111111111111111
1111111111111111111111111111111111111111111111111111111111111111111111111111111111111111111111111111111111111111
1111111111111111111111111111111111111111111111111111111111111111111111111111111111111111111111111111111111111111
1111111111111111111111111111111111111111111111111111111111111111111111111111111111111111111111111111111111111111
