1100000000011000000000000000001110001110000000000000000000000000000000000000000011100111000000000000000000000000
1100000000011000000000000000001110001110000000000000000000000000000000000000000011100111000000000000000000000000
1100000000011000000000000000001110001110000000000000000000000000000000000000000011100111000000000000000000000000
1100000000011000000000000000001110001110000000000000000000000000000000000000000011100000000000000000000000000000
1100000000011000000000000000001110001110000000000000000110000000000000000000000011100000000000001100000000000000
1100000000011000000111111100001110001111111110000000111111100001110111100011111111100111000001111111000011101111
1100000000011000001111111110001110001111111111000001111111110001111111100111111111100111000011111111100011111111
1111111111111000011100001111001110001111000111100011110001111001111111001111000111100111000111100011110011111110
1111111111111000011100000111001110001110000011100011100000111001111000001110000111100111000111000001110011110000
1111111111111000000000000111001110001110000001110111000000011101110000011100000011100111000110000000111011100000
1100000000011000000011111111001110001100000001110111111111111101110000011100000001100111001111111111111011100000
1100000000011000001111111111001110001100000001110111111111111101110000011100000001100111001111111111111011100000
1100000000011000011111100111001110001100000001110111000000000001110000011100000001100111001110000000000011100000
1100000000011000111100000111001110001110000001110111000000000001110000011100000011100111001111000000000011100000
1100000000011000111000000111001110001110000011100011100000011101110000001110000011100111000111000000111011100000
1100000000011000111100001111001110001111000011100011110000111001110000001110000111100111000111100001110011100000
1100000000011000011111111111001110001111111111000001111111110001110000000111111111100111000011111111110011100000
1100000000011000001111111111001110001111111110000000111111100001110000000011111111100111000001111111000011100000
0000000000000000000011000000000000000000011000000000000110000001110000000000110000000000000000001100000011100000
0000000000000000000000000000000000000000000000000000000000000000000000000000000000000000000000000000000000000000
0000000000000000000000000000000000000000000000000000000000000000000000000000000000000000000000000000000000000000
0000000000000000000000000000000000000000000000000000000000000000000000000000000000000000000000000000000000000000
0000000000000000000000000000000000000000000000000000000000000000000000000000000000000000000000000000000000000000
0000000000000000000000000000000000000000000000000000000000000000000000000000000000000000000000000000000000000000
